10	踮	ɶ		꾩		ݸ	ٰ					Ȫ				ʯ
Phng Tng Ph	-1	20	50	30	30	40	50	-1	20	-1	-1	-1	-1	10	-1	-1
Bin Kinh Ph	30	30	50	-1	20	30	50	-1	-1	-1	-1	-1	-1	-1	10	-1
Tng Dng Ph	30	30	40	20	-1	20	30	-1	-1	20	-1	-1	10	-1	-1	-1
Dng Chu Ph	40	40	50	30	20	-1	20	-1	-1	-1	-1	-1	10	-1	-1	-1
Ba Lng huyn	-1	-1	-1	-1	20	-1	-1	20	-1	-1	10	-1	-1	-1	-1	-1
Nam Nhc trn	-1	-1	-1	-1	-1	-1	-1	-1	-1	10	-1	-1	-1	-1	-1	-1
Long Tuyn thn	-1	-1	-1	-1	-1	-1	20	-1	-1	-1	-1	-1	-1	-1	-1	-1
o Hng thn	-1	-1	-1	-1	10	10	-1	-1	-1	-1	-1	-1	-1	-1	-1	-1
Vnh Lc trn	10	-1	-1	-1	-1	-1	-1	-1	-1	-1	-1	-1	-1	-1	-1	-1
Chu Tin trn	-1	-1	-1	10	-1	-1	-1	-1	-1	-1	-1	-1	-1	-1	-1	-1
Thch C trn	-1	-1	10	-1	-1	-1	-1	-1	-1	-1	-1	-1	-1	-1	-1	-1
